36300.000000 7033570544489697000
31943.000000 7544162723849769000
49639.000000 4857832915871687000
19500.000000 2897457180313295000
36543.000000 6061005061832385000
51342.000000 5031587047784638000
86476.000000 2565510992930850300
46696.000000 5143993096370844000
48904.000000 4960614804071928000
68364.000000 4658986495021252000
83327.000000 2843757945328474000
79906.000000 7760429817705533000
83717.000000 6245833843616954000
56886.000000 3876667328610059300
25000.000000 4440597950117952000
52000.000000 7915539079836742000
70879.000000 4510013238700049400
59870.000000 3432155542906681000
34022.000000 4924697391578743000
82941.000000 2942552062925601300
40344.000000 7805096340069138000
41038.000000 6713913245007718000
60308.000000 4923974427110418000
44439.000000 4736903113938149000
20296.000000 6199028477853149000
36422.000000 2525242740566857000
42725.000000 7137400441147048000
76655.000000 5781696228451097000
74415.000000 7416285764530053000
66908.000000 7681587629914825000
92316.000000 4157955216976862000
42937.000000 7003983605981390000
30428.000000 2654678775648020000
89477.000000 4152213324558044000
91115.000000 6922835181177760000
20634.000000 5201359618614520000
83729.000000 6844498355960351000
70470.000000 4565406560859863000
26744.000000 4484283543402246000
92168.000000 7510674591414309000
50154.000000 2795080681019102700
32261.000000 5808032110987948000
71330.000000 7014475559717444000
25301.000000 7085634961579960000
77830.000000 4651506795984611000
67643.000000 7335037525258879000
67200.000000 4053909755065637000
83921.000000 3047825121963500500
52806.000000 2738729353563108000
70143.000000 5147717721333948000
